1, 0.59049, 0.60129
5, 0.70918, 0.70905
9, 0.83185, 0.82974
13, 0.86972, 0.86853
17, 0.91011, 0.90948
21, 0.89570, 0.89440
25, 0.90448, 0.90302
29, 0.90650, 0.90517
33, 0.90835, 0.90733
37, 0.91467, 0.91379
41, 0.91289, 0.91164
45, 0.91966, 0.91810
49, 0.90939, 0.90733
53, 0.91948, 0.91810
57, 0.92986, 0.92888
61, 0.91713, 0.91595
65, 0.92774, 0.92672
69, 0.92354, 0.92241
73, 0.91490, 0.91379
77, 0.91727, 0.91595
81, 0.91937, 0.91810
85, 0.92351, 0.92241
89, 0.92963, 0.92888
93, 0.92967, 0.92888
97, 0.93183, 0.93103
101, 0.93390, 0.93319
105, 0.93191, 0.93103
109, 0.92976, 0.92888
113, 0.93199, 0.93103
117, 0.93425, 0.93319
121, 0.93640, 0.93534
125, 0.93459, 0.93319
129, 0.93243, 0.93103
133, 0.93444, 0.93319
137, 0.93428, 0.93319
141, 0.93215, 0.93103
145, 0.93444, 0.93319
149, 0.93434, 0.93319
153, 0.93630, 0.93534
157, 0.93834, 0.93750
161, 0.93397, 0.93319
165, 0.92596, 0.92457
169, 0.92352, 0.92241
173, 0.92358, 0.92241
177, 0.92768, 0.92672
181, 0.91941, 0.91810
185, 0.92143, 0.92026
189, 0.92594, 0.92457
193, 0.93185, 0.93103
197, 0.92123, 0.92026
201, 0.93200, 0.93103
205, 0.92768, 0.92672
209, 0.92783, 0.92672
213, 0.92991, 0.92888
217, 0.93413, 0.93319
221, 0.92995, 0.92888
225, 0.92808, 0.92672
229, 0.92394, 0.92241
233, 0.92597, 0.92457
237, 0.92794, 0.92672
241, 0.92997, 0.92888
245, 0.92997, 0.92888
249, 0.92796, 0.92672
253, 0.92604, 0.92457
257, 0.92377, 0.92241
261, 0.92567, 0.92457
265, 0.92581, 0.92457
269, 0.92579, 0.92457
273, 0.92580, 0.92457
277, 0.92786, 0.92672
281, 0.92788, 0.92672
285, 0.92993, 0.92888
289, 0.92993, 0.92888
293, 0.92761, 0.92672
297, 0.92146, 0.92026
301, 0.92147, 0.92026
305, 0.92559, 0.92457
309, 0.92557, 0.92457
313, 0.92557, 0.92457
317, 0.92147, 0.92026
321, 0.91948, 0.91810
325, 0.92355, 0.92241
329, 0.92356, 0.92241
333, 0.92558, 0.92457
337, 0.92552, 0.92457
341, 0.92558, 0.92457
345, 0.92558, 0.92457
349, 0.92967, 0.92888
353, 0.92344, 0.92241
357, 0.92138, 0.92026
361, 0.92138, 0.92026
365, 0.92138, 0.92026
369, 0.92755, 0.92672
373, 0.92544, 0.92457
377, 0.92352, 0.92241
381, 0.92565, 0.92457
385, 0.92768, 0.92672
389, 0.92768, 0.92672
393, 0.92765, 0.92672
397, 0.92977, 0.92888
401, 0.92566, 0.92457
405, 0.92981, 0.92888
409, 0.92770, 0.92672
413, 0.92763, 0.92672
417, 0.92769, 0.92672
421, 0.93179, 0.93103
425, 0.92555, 0.92457
429, 0.92555, 0.92457
433, 0.92347, 0.92241
437, 0.92347, 0.92241
441, 0.92142, 0.92026
445, 0.92772, 0.92672
449, 0.92772, 0.92672
453, 0.92784, 0.92672
457, 0.92574, 0.92457
461, 0.92990, 0.92888
465, 0.92990, 0.92888
469, 0.92994, 0.92888
473, 0.92994, 0.92888
477, 0.93407, 0.93319
481, 0.93407, 0.93319
485, 0.93617, 0.93534
489, 0.93412, 0.93319
493, 0.93412, 0.93319
497, 0.93412, 0.93319
501, 0.93412, 0.93319
505, 0.92987, 0.92888
509, 0.92785, 0.92672
513, 0.92999, 0.92888
517, 0.92994, 0.92888
521, 0.92991, 0.92888
525, 0.92977, 0.92888
529, 0.93183, 0.93103
533, 0.93183, 0.93103
537, 0.93389, 0.93319
541, 0.93182, 0.93103
545, 0.93181, 0.93103
549, 0.93174, 0.93103
553, 0.93161, 0.93103
557, 0.92749, 0.92672
561, 0.92750, 0.92672
565, 0.92770, 0.92672
569, 0.92991, 0.92888
573, 0.92963, 0.92888
577, 0.92750, 0.92672
581, 0.92748, 0.92672
585, 0.92730, 0.92672
589, 0.92730, 0.92672
593, 0.92732, 0.92672
597, 0.92943, 0.92888
601, 0.92730, 0.92672
605, 0.92517, 0.92457
609, 0.92730, 0.92672
613, 0.92730, 0.92672
617, 0.92728, 0.92672
621, 0.92516, 0.92457
625, 0.92511, 0.92457
629, 0.92507, 0.92457
633, 0.92297, 0.92241
637, 0.92739, 0.92672
641, 0.92532, 0.92457
645, 0.92741, 0.92672
649, 0.92537, 0.92457
653, 0.92746, 0.92672
657, 0.92515, 0.92457
661, 0.92515, 0.92457
665, 0.92535, 0.92457
669, 0.92536, 0.92457
673, 0.92743, 0.92672
677, 0.92968, 0.92888
681, 0.92968, 0.92888
685, 0.93383, 0.93319
689, 0.93595, 0.93534
693, 0.93170, 0.93103
697, 0.93170, 0.93103
701, 0.93168, 0.93103
705, 0.93168, 0.93103
709, 0.92944, 0.92888
713, 0.92944, 0.92888
717, 0.92750, 0.92672
721, 0.92743, 0.92672
725, 0.92731, 0.92672
729, 0.92517, 0.92457
733, 0.92536, 0.92457
737, 0.92536, 0.92457
741, 0.92320, 0.92241
745, 0.92320, 0.92241
749, 0.92117, 0.92026
753, 0.92106, 0.92026
757, 0.92312, 0.92241
761, 0.92542, 0.92457
765, 0.92328, 0.92241
769, 0.91689, 0.91595
773, 0.91895, 0.91810
777, 0.91895, 0.91810
781, 0.91899, 0.91810
785, 0.91690, 0.91595
789, 0.91482, 0.91379
793, 0.91066, 0.90948
797, 0.90860, 0.90733
801, 0.91486, 0.91379
805, 0.91066, 0.90948
809, 0.91484, 0.91379
813, 0.91484, 0.91379
817, 0.91282, 0.91164
821, 0.91282, 0.91164
825, 0.91897, 0.91810
829, 0.91693, 0.91595
833, 0.91297, 0.91164
837, 0.91297, 0.91164
841, 0.91297, 0.91164
845, 0.91090, 0.90948
849, 0.91297, 0.91164
853, 0.91297, 0.91164
857, 0.91297, 0.91164
861, 0.91725, 0.91595
865, 0.91696, 0.91595
869, 0.91721, 0.91595
873, 0.92140, 0.92026
877, 0.91932, 0.91810
881, 0.91909, 0.91810
885, 0.92105, 0.92026
889, 0.92733, 0.92672
893, 0.92733, 0.92672
897, 0.92520, 0.92457
901, 0.92507, 0.92457
905, 0.92507, 0.92457
909, 0.91858, 0.91810
913, 0.92715, 0.92672
917, 0.92292, 0.92241
921, 0.92319, 0.92241
925, 0.91895, 0.91810
929, 0.92327, 0.92241
933, 0.92322, 0.92241
937, 0.92317, 0.92241
941, 0.92306, 0.92241
945, 0.92521, 0.92457
949, 0.92516, 0.92457
953, 0.92104, 0.92026
957, 0.91881, 0.91810
961, 0.91881, 0.91810
965, 0.92299, 0.92241
969, 0.92525, 0.92457
973, 0.91673, 0.91595
977, 0.91673, 0.91595
981, 0.91872, 0.91810
985, 0.92284, 0.92241
989, 0.91471, 0.91379
993, 0.91647, 0.91595
997, 0.91013, 0.90948
1001, 0.91013, 0.90948
1005, 0.91424, 0.91379
1009, 0.90784, 0.90733
1013, 0.91206, 0.91164
1017, 0.91202, 0.91164
1021, 0.90984, 0.90948
1025, 0.91202, 0.91164
1029, 0.91413, 0.91379
1033, 0.91413, 0.91379
1037, 0.91839, 0.91810
1041, 0.92060, 0.92026
1045, 0.91631, 0.91595
1049, 0.91424, 0.91379
1053, 0.90988, 0.90948
1057, 0.91008, 0.90948
1061, 0.90585, 0.90517
1065, 0.90359, 0.90302
1069, 0.90344, 0.90302
1073, 0.90567, 0.90517
1077, 0.91016, 0.90948
1081, 0.90836, 0.90733
1085, 0.91016, 0.90948
1089, 0.91681, 0.91595
1093, 0.91473, 0.91379
1097, 0.91253, 0.91164
1101, 0.91253, 0.91164
1105, 0.91454, 0.91379
1109, 0.91237, 0.91164
1113, 0.91028, 0.90948
1117, 0.91244, 0.91164
1121, 0.91237, 0.91164
1125, 0.91440, 0.91379
1129, 0.91472, 0.91379
1133, 0.91686, 0.91595
1137, 0.91049, 0.90948
1141, 0.91263, 0.91164
1145, 0.90814, 0.90733
1149, 0.90172, 0.90086
1153, 0.90172, 0.90086
1157, 0.89918, 0.89871
1161, 0.90603, 0.90517
1165, 0.90170, 0.90086
1169, 0.89491, 0.89440
1173, 0.89936, 0.89871
1177, 0.90374, 0.90302
1181, 0.89727, 0.89655
1185, 0.89925, 0.89871
1189, 0.89904, 0.89871
1193, 0.89682, 0.89655
1197, 0.89922, 0.89871
1201, 0.89907, 0.89871
1205, 0.89465, 0.89440
1209, 0.89465, 0.89440
1213, 0.89677, 0.89655
1217, 0.89264, 0.89224
1221, 0.89264, 0.89224
1225, 0.88800, 0.88793
1229, 0.88619, 0.88578
1233, 0.87736, 0.87716
1237, 0.87523, 0.87500
1241, 0.87956, 0.87931
1245, 0.87973, 0.87931
1249, 0.88185, 0.88147
1253, 0.88624, 0.88578
1257, 0.88409, 0.88362
1261, 0.88175, 0.88147
1265, 0.88180, 0.88147
1269, 0.87982, 0.87931
1273, 0.87550, 0.87500
1277, 0.86404, 0.86422
1281, 0.86404, 0.86422
1285, 0.86411, 0.86422
1289, 0.86411, 0.86422
1293, 0.86411, 0.86422
1297, 0.86411, 0.86422
1301, 0.86215, 0.86207
1305, 0.85948, 0.85991
1309, 0.86144, 0.86207
1313, 0.86120, 0.86207
1317, 0.85937, 0.85991
1321, 0.85705, 0.85776
1325, 0.85912, 0.85991
1329, 0.85906, 0.85991
1333, 0.85703, 0.85776
1337, 0.85279, 0.85345
1341, 0.85269, 0.85345
1345, 0.85269, 0.85345
1349, 0.84850, 0.84914
1353, 0.84604, 0.84698
1357, 0.84825, 0.84914
1361, 0.84393, 0.84483
1365, 0.84393, 0.84483
1369, 0.84117, 0.84267
1373, 0.84357, 0.84483
1377, 0.83670, 0.83836
1381, 0.83670, 0.83836
1385, 0.83902, 0.84052
1389, 0.84521, 0.84698
1393, 0.84769, 0.84914
1397, 0.84760, 0.84914
1401, 0.85166, 0.85345
1405, 0.85115, 0.85345
1409, 0.84906, 0.85129
1413, 0.84711, 0.84914
1417, 0.84513, 0.84698
1421, 0.84088, 0.84267
1425, 0.84088, 0.84267
1429, 0.84304, 0.84483
1433, 0.84088, 0.84267
1437, 0.84706, 0.84914
1441, 0.84526, 0.84698
1445, 0.84297, 0.84483
1449, 0.84511, 0.84698
1453, 0.84289, 0.84483
1457, 0.84506, 0.84698
1461, 0.84313, 0.84483
1465, 0.84092, 0.84267
1469, 0.84046, 0.84267
1473, 0.83446, 0.83621
1477, 0.83458, 0.83621
1481, 0.83458, 0.83621
1485, 0.83511, 0.83621
1489, 0.82524, 0.82759
1493, 0.82524, 0.82759
1497, 0.82471, 0.82759
1501, 0.82921, 0.83190
1505, 0.82921, 0.83190
1509, 0.83140, 0.83405
1513, 0.83140, 0.83405
1517, 0.83358, 0.83621
1521, 0.83576, 0.83836
1525, 0.83576, 0.83836
1529, 0.84027, 0.84267
1533, 0.83825, 0.84052
1537, 0.84082, 0.84267
1541, 0.84274, 0.84483
1545, 0.83833, 0.84052
1549, 0.82691, 0.82974
1553, 0.82730, 0.82974
1557, 0.82737, 0.82974
1561, 0.82737, 0.82974
1565, 0.82737, 0.82974
1569, 0.82965, 0.83190
1573, 0.82965, 0.83190
1577, 0.82965, 0.83190
1581, 0.82760, 0.82974
1585, 0.82760, 0.82974
1589, 0.82760, 0.82974
1593, 0.82760, 0.82974
1597, 0.82572, 0.82759
1601, 0.82572, 0.82759
1605, 0.82572, 0.82759
1609, 0.82572, 0.82759
1613, 0.82762, 0.82974
1617, 0.82762, 0.82974
1621, 0.82762, 0.82974
1625, 0.82762, 0.82974
1629, 0.82762, 0.82974
1633, 0.82762, 0.82974
1637, 0.82762, 0.82974
1641, 0.82349, 0.82543
1645, 0.82332, 0.82543
1649, 0.82318, 0.82543
1653, 0.82267, 0.82543
1657, 0.82267, 0.82543
1661, 0.82715, 0.82974
1665, 0.82860, 0.82974
1669, 0.82860, 0.82974
1673, 0.82860, 0.82974
1677, 0.82860, 0.82974
1681, 0.82860, 0.82974
1685, 0.82860, 0.82974
1689, 0.82860, 0.82974
1693, 0.82860, 0.82974
1697, 0.82860, 0.82974
1701, 0.82860, 0.82974
1705, 0.82860, 0.82974
1709, 0.82860, 0.82974
1713, 0.82860, 0.82974
1717, 0.82860, 0.82974
1721, 0.82860, 0.82974
1725, 0.82860, 0.82974
1729, 0.82860, 0.82974
1733, 0.82860, 0.82974
1737, 0.82860, 0.82974
1741, 0.82860, 0.82974
1745, 0.82860, 0.82974
1749, 0.82860, 0.82974
1753, 0.82860, 0.82974
1757, 0.82860, 0.82974
1761, 0.82860, 0.82974
1765, 0.82860, 0.82974
1769, 0.82860, 0.82974
1773, 0.82860, 0.82974
1777, 0.82860, 0.82974
1781, 0.82860, 0.82974
1785, 0.82860, 0.82974
1789, 0.82860, 0.82974
1793, 0.82860, 0.82974
1797, 0.82860, 0.82974
1801, 0.82860, 0.82974
1805, 0.82860, 0.82974
1809, 0.82860, 0.82974
1813, 0.82860, 0.82974
1817, 0.82860, 0.82974
1821, 0.82860, 0.82974
1825, 0.82860, 0.82974
1829, 0.82860, 0.82974
1833, 0.82860, 0.82974
1837, 0.82860, 0.82974
1841, 0.82860, 0.82974
1845, 0.82860, 0.82974
1849, 0.82860, 0.82974
1853, 0.82860, 0.82974
1857, 0.82860, 0.82974
1861, 0.82860, 0.82974
1865, 0.82860, 0.82974
1869, 0.82860, 0.82974
1873, 0.82860, 0.82974
1877, 0.82860, 0.82974
1881, 0.82860, 0.82974
